#GUI config
#Thu Dec 07 08:09:22 ICT 2023
voiceVolume=4.925531914893617
voicePitch=145.74468085106383
fontFamily=Papyrus
voiceRate=208.72340425531917
fontSizeRate=6
fontSize=3
