#GUI config
#Thu Dec 07 02:52:25 ICT 2023
fontFamily=Arial
fontSize=3
fontSizeRate=6
voicePitch=145.74468085106383
voiceRate=213.8297872340425
voiceVolume=4.925531914893617
