#GUI config
#Thu Dec 07 00:38:35 ICT 2023
fontFamily=Papyrus
fontSize=3
fontSizeRate=6
voicePitch=145.74468085106383
voiceRate=213.8297872340425
voiceVolume=4.925531914893617
