#GUI config
#Thu Dec 07 08:22:33 ICT 2023
fontFamily=System
fontSize=3
fontSizeRate=6
voicePitch=145.74468085106383
voiceRate=213.8297872340425
voiceVolume=4.925531914893617
