
fontFamily=Arial
fontSize=3
fontSizeRate=3
voicePitch=145.74468085106383
voiceRate=97.34042553191487
voiceVolume=4.925531914893617
